%YAML:1.0
data: !!opencv-matrix
   rows: 615
   cols: 4
   dt: f
   data: [ 5.5237916310628254e-01, 1.4027948379516603e-01,
       1.1527897516886393e-01, 3.4624040126800537e-02,
       5.5964419047037761e-01, 1.6960377693176271e-01,
       8.8376053174336749e-02, 1.8613328536351521e-02,
       5.6093991597493487e-01, 1.7060047785441082e-01,
       7.5630497932434079e-02, 1.9813680648803712e-02,
       5.6146024068196609e-01, 1.7381682395935058e-01,
       7.6275571187337243e-02, 2.0063982407251994e-02,
       5.7131716410319011e-01, 1.2202025254567464e-01,
       9.0185618400573736e-02, 4.6550456682840982e-02,
       5.8336277008056636e-01, 1.3990379969278971e-01,
       6.3520491123199463e-02, 3.1524143616358441e-02,
       5.8474235534667973e-01, 1.4914142290751140e-01,
       6.7143487930297854e-02, 3.2217464844385785e-02,
       5.8265832265218098e-01, 1.4847127596537271e-01,
       5.9546585877736410e-02, 3.2531976699829102e-02,
       5.8093706766764319e-01, 1.5076851844787598e-01,
       6.0031596819559732e-02, 3.2654333114624026e-02,
       5.7961565653483071e-01, 1.4975851376851398e-01,
       5.8187445004781090e-02, 3.0764955282211303e-02,
       5.7809626261393232e-01, 1.4737618764241536e-01,
       6.1844833691914874e-02, 2.9605205853780112e-02,
       5.7718702952067058e-01, 1.4737655321756998e-01,
       5.9856255849202476e-02, 2.7323297659556069e-02,
       5.7687021891276047e-01, 1.4626717567443848e-01,
       5.5648895104726155e-02, 2.6268951098124185e-02,
       5.7728970845540362e-01, 1.4230593045552573e-01,
       5.9385704994201663e-02, 2.4529904127120972e-02,
       5.7455883026123045e-01, 1.4263990720113118e-01,
       5.1505597432454427e-02, 2.4277585744857787e-02,
       5.6777146657307942e-01, 1.4310081799825033e-01,
       5.2107159296671549e-02, 2.4025446176528929e-02,
       5.3384443918863933e-01, 1.4903477032979329e-01,
       5.4253598054250084e-02, 2.5598959128061930e-02,
       5.2542457580566404e-01, 1.5219345092773437e-01,
       4.8732101917266846e-02, 2.8416838248570761e-02,
       5.1164786020914710e-01, 1.5495190620422364e-01,
       4.9576989809672040e-02, 2.5718543926874796e-02,
       4.7792228062947589e-01, 2.5773773193359373e-01,
       9.5421242713928225e-02, 2.5208069880803426e-02,
       4.4798447291056315e-01, 1.6626021067301433e-01,
       5.9107891718546551e-02, 2.3441199461619058e-02,
       4.4105768203735352e-01, 1.6690659523010254e-01,
       7.0913894971211755e-02, 2.3136430978775026e-02,
       4.3736947377522789e-01, 1.6809631983439127e-01,
       7.9614575703938803e-02, 2.2817109028498331e-02,
       4.4317754109700519e-01, 2.2509352366129556e-01,
       1.7320809364318848e-01, 2.8179043531417848e-02,
       4.4623562494913738e-01, 2.5748887062072756e-01,
       9.3802380561828616e-02, 2.9231947660446168e-02,
       4.2275101343790689e-01, 1.7476027806599934e-01,
       7.0864121119181320e-02, 2.8209342559178670e-02,
       4.3537658055623374e-01, 2.3683485984802247e-01,
       1.6504762967427572e-01, 2.7239086230595906e-02,
       4.4165830612182616e-01, 2.5670584042867023e-01,
       9.8333136240641272e-02, 2.7651548385620117e-02,
       4.1696106592814125e-01, 1.7651108105977376e-01,
       7.1230745315551763e-02, 2.6337742805480957e-02,
       4.3093401590983071e-01, 2.2681681315104166e-01,
       1.7928115526835123e-01, 2.6993530988693237e-02,
       4.2720403671264651e-01, 2.0510546366373697e-01,
       1.6858488718668621e-01, 2.7764568726221722e-02,
       4.2977364857991535e-01, 2.1549657185872395e-01,
       1.8193435668945312e-01, 2.9573402802149453e-02,
       4.3936621348063148e-01, 2.5223412513732912e-01,
       1.0002453327178955e-01, 3.0503147840499879e-02,
       4.1736227671305337e-01, 1.6976056098937989e-01,
       7.0266207059224442e-02, 3.2927252848943073e-02,
       4.2493336995442710e-01, 2.1046703656514484e-01,
       1.7813755671183268e-01, 3.0588541428248087e-02,
       4.2257277170817059e-01, 2.0608094533284504e-01,
       1.8186839421590170e-01, 2.9908174276351930e-02,
       4.2305084864298503e-01, 2.0558905601501465e-01,
       1.8016517957051595e-01, 2.9839350779851278e-02,
       4.2169186274210613e-01, 2.0183448791503905e-01,
       1.7709425290425618e-01, 3.0009961128234862e-02,
       4.1831881205240884e-01, 1.9259324073791503e-01,
       1.9087624549865723e-01, 3.0240337053934734e-02,
       4.1733592351277671e-01, 1.8876446088155110e-01,
       1.8173467318216960e-01, 3.1175454457600910e-02,
       4.1645552317301432e-01, 1.8142817815144857e-01,
       1.9915234247843425e-01, 2.9450821876525878e-02,
       4.1454245249430338e-01, 1.6761741638183594e-01,
       2.1283000310262043e-01, 2.8605687618255615e-02,
       4.1362826029459637e-01, 1.5757319132486980e-01,
       2.2209482192993163e-01, 3.0005526542663575e-02,
       4.1341288884480792e-01, 1.4149266878763836e-01,
       2.4371116956075031e-01, 2.8644965092341105e-02,
       4.1011085510253908e-01, 1.3511346181233724e-01,
       2.2866239547729492e-01, 3.6180917421976724e-02,
       4.1785717010498047e-01, 1.5213936169942219e-01,
       2.1673305829366049e-01, 2.7176960309346517e-02,
       4.1804962158203124e-01, 1.5233074824015300e-01,
       2.0328243573506674e-01, 3.1617466608683267e-02,
       4.1842625935872396e-01, 1.6012552579243977e-01,
       1.9255048433939617e-01, 3.1245615084966025e-02,
       4.2044083277384442e-01, 1.6869039535522462e-01,
       1.9291863441467286e-01, 3.1459480524063110e-02,
       4.2129491170247396e-01, 1.7305628458658853e-01,
       1.9019610087076824e-01, 3.2018882036209104e-02,
       4.2030871709187828e-01, 1.7123556137084961e-01,
       1.8621236483256023e-01, 3.0388544003168743e-02,
       4.2261651357014973e-01, 1.7791911760965984e-01,
       1.7755049069722492e-01, 3.1845482190450032e-02,
       4.2322225570678712e-01, 1.8343313535054526e-01,
       1.6837360064188639e-01, 3.1643625100453696e-02,
       4.2246141433715823e-01, 1.8400200208028158e-01,
       1.6761743227640788e-01, 3.1724353631337486e-02,
       4.2119639714558921e-01, 1.8257865905761719e-01,
       1.7069751421610516e-01, 3.0951998631159463e-02,
       4.2370354334513344e-01, 1.9528651237487793e-01,
       1.8934235572814942e-01, 2.9598041375478109e-02,
       4.2004499435424802e-01, 1.9640642801920574e-01,
       1.7698065439860025e-01, 2.8537954886754355e-02,
       4.1892382303873699e-01, 2.0285371144612629e-01,
       1.6779181162516277e-01, 2.9696617523829141e-02,
       4.1586494445800781e-01, 2.0446949005126952e-01,
       1.6959632237752278e-01, 2.9035886128743488e-02,
       4.0808566411336261e-01, 2.2656262715657552e-01,
       1.7990560531616212e-01, 2.4287823836008707e-02,
       3.9621855417887369e-01, 2.1780672073364257e-01,
       1.2505460580190023e-01, 2.8164837757746378e-02,
       3.9025618235270182e-01, 2.1458239555358888e-01,
       1.3201204140981038e-01, 2.2794151306152345e-02,
       3.8805936177571615e-01, 2.2272876103719075e-01,
       1.3620367050170898e-01, 2.4136606852213541e-02,
       3.8869965871175133e-01, 2.3643267949422200e-01,
       1.4229826927185057e-01, 2.4419971307118735e-02,
       3.8637962341308596e-01, 2.4161073366800945e-01,
       1.3831844329833984e-01, 2.5201078255971274e-02,
       3.8283246358235679e-01, 2.4505049387613934e-01,
       1.3229476610819499e-01, 2.7004933357238768e-02,
       3.8283910751342776e-01, 2.5696218808492027e-01,
       1.4874903361002603e-01, 2.6953486601511638e-02,
       3.7838309605916343e-01, 2.6067744890848793e-01,
       1.6094264984130860e-01, 2.5893338521321616e-02,
       3.7563873926798502e-01, 2.6624191602071129e-01,
       1.5482106208801269e-01, 2.5841762622197468e-02,
       3.6687930425008136e-01, 2.5874164899190266e-01,
       1.2881645361582439e-01, 2.8478564818700154e-02,
       3.6233965555826825e-01, 2.6119642257690429e-01,
       1.3585448265075684e-01, 2.5580610831578574e-02,
       3.6665528615315757e-01, 2.7946637471516927e-01,
       1.6061256726582845e-01, 2.5727071364720664e-02,
