%YAML:1.0
data: !!opencv-matrix
   rows: 513
   cols: 4
   dt: f
   data: [ 6.5295537312825525e-01, 4.5293369293212893e-01,
       8.6743497848510737e-02, 2.6909740765889485e-02,
       6.4176228841145833e-01, 4.5861476262410483e-01,
       1.0385643641153972e-01, 2.5979616244633994e-02,
       6.4629732767740888e-01, 4.6280161539713544e-01,
       9.5861562093098956e-02, 2.8671882549921670e-02,
       6.4518438975016279e-01, 4.6729071935017902e-01,
       9.5380640029907232e-02, 2.9194001356760660e-02,
       6.4079736073811844e-01, 4.7418597539265950e-01,
       9.7893826166788739e-02, 2.8084812561670940e-02,
       6.3949057261149089e-01, 4.7932717005411785e-01,
       1.1086034774780273e-01, 2.7225975195566812e-02,
       6.3936328887939453e-01, 4.8417746225992836e-01,
       1.0791571935017903e-01, 2.5878630081812539e-02,
       6.3900305430094406e-01, 4.8545551300048828e-01,
       1.0723959604899089e-01, 2.5239988168080648e-02,
       6.3640861511230473e-01, 4.9128878911336266e-01,
       1.1050977706909179e-01, 2.6241713762283327e-02,
       6.3771559397379562e-01, 4.9632126490275064e-01,
       1.1885311603546142e-01, 2.5147958596547445e-02,
       6.3979123433430984e-01, 5.0136124293009443e-01,
       1.1077911853790283e-01, 2.6027520497639973e-02,
       6.4200649261474607e-01, 5.0859858194986984e-01,
       9.4762714703877773e-02, 2.8362001975377402e-02,
       6.4395236968994141e-01, 5.1478233337402346e-01,
       9.6957715352376309e-02, 2.9220511515935261e-02,
       6.3590812683105469e-01, 5.1843277613321936e-01,
       1.2148834069569905e-01, 2.5263106822967528e-02,
       6.3518479665120442e-01, 5.2401545842488606e-01,
       1.1326951980590820e-01, 2.4494822820027670e-02,
       6.3403574625651038e-01, 5.2866064707438154e-01,
       1.1335771878560384e-01, 2.6084673404693604e-02,
       6.2188739776611324e-01, 5.3031412760416663e-01,
       5.8438177903493246e-02, 2.6558671394983926e-02,
       6.2037251790364578e-01, 5.3574314117431643e-01,
       5.3922621409098308e-02, 2.8272914886474609e-02,
       6.1967080434163413e-01, 5.3907006581624350e-01,
       5.5858977635701496e-02, 2.6750181118647257e-02,
       6.3620624542236326e-01, 5.5150725046793625e-01,
       1.1248240470886231e-01, 2.4645727872848511e-02,
       6.3677463531494138e-01, 5.5779145558675125e-01,
       1.0738372802734375e-01, 2.6004479328791300e-02,
       6.3765430450439453e-01, 5.6435483296712241e-01,
       1.0662340323130290e-01, 2.7919693787892660e-02,
       6.4016742706298824e-01, 5.7013931274414065e-01,
       1.0640308062235514e-01, 2.8186066945393880e-02,
       6.3965053558349605e-01, 5.7584241231282551e-01,
       1.1087946097056071e-01, 2.7527459462483726e-02,
       6.4084065755208330e-01, 5.8029683430989587e-01,
       1.1693174839019775e-01, 2.7136188745498658e-02,
       6.3839899698893232e-01, 5.7882906595865891e-01,
       1.2050941785176596e-01, 2.5550544261932373e-02,
       6.3770211537679033e-01, 5.7836246490478516e-01,
       1.0988148848215738e-01, 2.7162750562032063e-02,
       6.3589630126953123e-01, 5.7790133158365886e-01,
       1.1456131140391032e-01, 2.5184716780980429e-02,
       6.3797512054443362e-01, 5.7942517598470056e-01,
       1.0632125536600749e-01, 2.6505655050277709e-02,
       6.3809928894042967e-01, 5.7988739013671875e-01,
       1.0240009625752768e-01, 2.7448767423629762e-02,
       6.3844076792399085e-01, 5.8091786702473958e-01,
       1.0226411819458008e-01, 2.8147868315378823e-02,
       6.3827775319417313e-01, 5.7930946350097656e-01,
       1.0177586078643799e-01, 2.8546617428461710e-02,
       6.3679358164469402e-01, 5.8069801330566406e-01,
       1.0408024787902832e-01, 2.9424917697906495e-02,
       6.3296686808268232e-01, 5.7978146870930991e-01,
       9.6783185005187983e-02, 2.9423584540685017e-02,
       6.2609392801920571e-01, 5.8003578186035154e-01,
       9.3794314066569004e-02, 2.8560910622278848e-02,
       6.1657244364420571e-01, 5.8269335428873703e-01,
       8.6579394340515134e-02, 2.6750087738037109e-02,
       6.0247217814127607e-01, 5.8168474833170569e-01,
       7.5985256830851236e-02, 3.0165670315424602e-02,
       4.9443931579589845e-01, 5.3015165328979497e-01,
       4.5533716678619385e-02, 3.0226071675618488e-02,
       4.9506874084472657e-01, 5.3611386617024737e-01,
       4.9125587940216063e-02, 2.9576784372329711e-02,
       4.9549849828084308e-01, 5.4283924102783199e-01,
       5.4273029168446861e-02, 2.9433212677637734e-02,
       4.7437302271525067e-01, 5.8424733479817703e-01,
       6.8525020281473795e-02, 2.7122149864832561e-02,
       4.6957696278889977e-01, 5.8807824452718094e-01,
       6.7830117543538418e-02, 2.8749622901280723e-02,
       4.6389700571695963e-01, 5.9310042063395185e-01,
       7.4386246999104816e-02, 3.0688657363255819e-02,
       4.6059087117513020e-01, 5.9709370930989580e-01,
       7.7821993827819819e-02, 2.9153076807657878e-02,
       4.2150001525878905e-01, 6.4749158223470049e-01,
       3.8955712318420412e-02, 3.1248650948206582e-02,
       4.2677084604899090e-01, 6.2585379282633469e-01,
       6.1616067091623941e-02, 2.5543441375096638e-02,
       4.2444804509480794e-01, 6.2859986623128250e-01,
       6.0567657152811684e-02, 2.8396250804265340e-02,
       4.2014074325561523e-01, 6.3129787445068364e-01,
       6.7506353060404464e-02, 2.3631111780802409e-02,
       3.8939943313598635e-01, 6.8074595133463545e-01,
       4.2183883984883624e-02, 2.7990696827570598e-02,
       4.2014074325561523e-01, 6.3129787445068364e-01,
       6.7506353060404464e-02, 2.3631111780802409e-02,
       4.1558443705240883e-01, 6.3751373291015623e-01,
       7.5916218757629397e-02, 2.2946200768152871e-02,
       4.1367816925048828e-01, 6.3901545206705734e-01,
       6.9383732477823895e-02, 2.4488719304402669e-02,
       4.1136039098103844e-01, 6.4218508402506513e-01,
       6.6003715991973883e-02, 2.6509024699529014e-02,
       4.0855684280395510e-01, 6.4219042460123699e-01,
       7.0518445968627927e-02, 2.1698502699534099e-02,
       4.0503546396891277e-01, 6.4936300913492839e-01,
       7.1920585632324216e-02, 2.4682766199111937e-02,
       3.6733640034993492e-01, 7.0430660247802734e-01,
       4.5907576878865562e-02, 2.9909795522689818e-02,
       3.6842590967814126e-01, 7.1633847554524743e-01,
       7.5810154279073075e-02, 2.9260669151941934e-02,
       3.6829627354939781e-01, 7.1946792602539067e-01,
       8.0252718925476071e-02, 3.0114952723185220e-02,
       3.6585019429524740e-01, 7.2168343861897788e-01,
       8.4313186009724941e-02, 2.9086963335673014e-02,
       3.6363169352213542e-01, 7.2993494669596359e-01,
       9.8788833618164068e-02, 2.8390906254450479e-02,
       3.6485519409179690e-01, 7.3134390513102210e-01,
       9.8695262273152673e-02, 2.8707267840703328e-02,
       3.6301336288452146e-01, 7.3937924702962243e-01,
       1.0929535230000814e-01, 3.0751466751098633e-02,
       3.6802816390991211e-01, 7.3192996978759761e-01,
       1.0858179728190104e-01, 3.0526371796925862e-02,
       3.6488211949666344e-01, 7.3931878407796225e-01,
       1.1179197629292806e-01, 2.7913580338160198e-02,
       3.5696741739908855e-01, 7.6067117055257161e-01,
       5.6676610310872393e-02, 3.1910351912180585e-02,
       3.5956834157307943e-01, 7.6486612955729172e-01,
       6.1027312278747560e-02, 3.2573672135670979e-02,
       3.6005973815917969e-01, 7.6935888926188156e-01,
       6.0948594411214189e-02, 3.3139117558797199e-02,
       3.7899386088053383e-01, 7.5607261657714842e-01,
       1.6953492164611816e-01, 2.8068671623865765e-02,
       3.7429005304972329e-01, 7.6978638966878254e-01,
       1.9696685473124187e-01, 2.5822828213373821e-02,
       3.7464332580566406e-01, 7.7055110931396487e-01,
       1.8190730412801107e-01, 2.5720095634460448e-02,
       3.6973962783813474e-01, 7.8588218688964839e-01,
       2.0121515591939290e-01, 2.7413396040598552e-02,
       3.7052621841430666e-01, 7.8688863118489583e-01,
       1.9219113985697428e-01, 2.9557049274444580e-02,
