%YAML:1.0
data: !!opencv-matrix
   rows: 260
   cols: 4
   dt: f
   data: [ 8.5926895141601567e-01, 2.7058897018432615e-01,
       3.4477949142456055e-01, 3.7178385257720950e-02,
       8.3892745971679683e-01, 2.7764046986897789e-01,
       3.5173845291137695e-01, 3.8212056954701742e-02,
       7.2341454823811846e-01, 3.5229399998982747e-01,
       2.9372539520263674e-01, 2.7579742670059203e-02,
       7.0590578715006513e-01, 5.4165318806966145e-01,
       2.4824727376302083e-01, 2.3752023776372273e-02,
       6.7770353953043616e-01, 5.6990458170572922e-01,
       2.2365492184956867e-01, 3.9916865030924481e-02,
       6.7892640431722007e-01, 6.0115661621093752e-01,
       2.4118215243021648e-01, 2.7816613515218098e-02,
       6.5502160390218100e-01, 6.1800448099772132e-01,
       2.0522489547729492e-01, 2.5811584790547688e-02,
       6.2438303629557290e-01, 6.1912047068277998e-01,
       1.7904682159423829e-01, 3.1041544675827027e-02,
       6.0290559132893884e-01, 6.1884174346923826e-01,
       1.5912847518920897e-01, 3.8383587201436357e-02,
       5.9270044962565105e-01, 5.9755312601725263e-01,
       1.4816479682922362e-01, 3.4759525458017984e-02,
       5.8668829600016281e-01, 5.8015791575113929e-01,
       1.3274741172790527e-01, 3.2433621088663739e-02,
       5.7379926045735674e-01, 5.4789841969807940e-01,
       9.8370528221130377e-02, 3.1720024347305295e-02,
       5.7008164723714194e-01, 5.2166560490926106e-01,
       8.7028574943542478e-02, 3.1643778085708618e-02,
       5.7610346476236984e-01, 4.9508794148763019e-01,
       9.3407948811848954e-02, 3.0613863468170167e-02,
       5.6756292978922529e-01, 4.7165114084879556e-01,
       9.3286879857381183e-02, 3.0267683664957683e-02,
       5.6553974151611330e-01, 4.4933287302652997e-01,
       9.2566076914469400e-02, 3.5691193739573163e-02,
       5.6994469960530603e-01, 4.2979021072387696e-01,
       1.1912500858306885e-01, 3.4905926386515303e-02,
       5.7244942982991531e-01, 4.1065518061319989e-01,
       1.2808017730712890e-01, 3.6416363716125486e-02,
       5.7428792317708333e-01, 4.0134178797403969e-01,
       1.4524194399515789e-01, 3.1183898448944092e-02,
       5.7007166544596355e-01, 4.1409781773885090e-01,
       1.2160953680674234e-01, 2.9941461483637490e-02,
       5.5869604746500656e-01, 4.3945821126302081e-01,
       8.2649175326029459e-02, 3.4925301869710289e-02,
       5.5632858276367192e-01, 4.5410804748535155e-01,
       7.6595409711201989e-02, 3.4292868773142499e-02,
       5.7097180684407556e-01, 4.8015213012695312e-01,
       8.6979150772094727e-02, 2.8527988990147909e-02,
       5.6565971374511714e-01, 5.1005827585856123e-01,
       7.6736680666605633e-02, 4.1612819830576582e-02,
       5.6988150278727212e-01, 5.3477935791015629e-01,
       8.6411627133687344e-02, 3.6364340782165529e-02,
       5.7572854359944658e-01, 5.6735146840413408e-01,
       1.2578452428181966e-01, 2.9537218809127807e-02,
       5.7742627461751306e-01, 5.9112618764241531e-01,
       1.4296627044677734e-01, 2.7600393692652384e-02,
       5.5654430389404297e-01, 6.0820509592692062e-01,
       1.3759571711222332e-01, 3.0095632870992026e-02,
       5.4012203216552734e-01, 6.2196089426676437e-01,
       1.4058184623718262e-01, 3.1417510906855267e-02,
       5.1897522608439128e-01, 6.3903643290201828e-01,
       1.6375667254130047e-01, 2.8268625338872273e-02,
       5.0688800811767576e-01, 6.2387294769287105e-01,
       1.3625089327494302e-01, 2.9793564478556314e-02,
       4.9988803863525388e-01, 6.0508410135904944e-01,
       1.0930736859639485e-01, 3.7571128209431967e-02,
       4.8695338567097984e-01, 5.7945067087809243e-01,
       9.2629019419352213e-02, 3.8029952843983965e-02,
       4.8695125579833987e-01, 5.5973606109619145e-01,
       7.8580864270528156e-02, 3.7268948554992673e-02,
       4.9127356211344403e-01, 5.3723157246907549e-01,
       4.6346867084503175e-02, 3.8471710681915280e-02,
       4.9260231653849285e-01, 5.1770493189493816e-01,
       4.4146251678466794e-02, 3.5724886258443195e-02,
       4.8908789952596027e-01, 4.9877611796061200e-01,
       4.3113311131795250e-02, 3.0111191670099895e-02,
       4.8738991419474281e-01, 4.8465871810913086e-01,
       5.3589705626169840e-02, 2.9027581214904785e-02,
       4.7838897705078126e-01, 5.1668163935343425e-01,
       5.2170248826344807e-02, 3.2497882843017578e-02,
       4.8485883076985675e-01, 5.3534526824951167e-01,
       6.9095738728841144e-02, 3.6041200160980225e-02,
       4.8417778015136720e-01, 5.5949974060058594e-01,
       8.3357246716817227e-02, 3.7308053175608320e-02,
       4.7400614420572917e-01, 5.6594746907552085e-01,
       9.3028537432352704e-02, 3.6322327454884847e-02,
       4.5171775817871096e-01, 5.8084869384765625e-01,
       1.0567334493001303e-01, 3.4938697020212808e-02,
       4.2762956619262693e-01, 5.9662189483642580e-01,
       1.4290227890014648e-01, 2.8485631942749022e-02,
       4.1623512903849286e-01, 5.9166781107584632e-01,
       1.3585904439290364e-01, 2.9634060462315877e-02,
       3.9207859039306642e-01, 5.9279664357503259e-01,
       1.3601814905802409e-01, 3.7974953651428223e-02,
       3.6444047292073567e-01, 6.3496831258138020e-01,
       1.9243844350179037e-01, 3.4454278151194256e-02,
       3.6677509943644204e-01, 6.3433144887288406e-01,
       1.6743901570638020e-01, 3.5582156976064046e-02,
       3.5724798838297528e-01, 6.5455347696940103e-01,
       1.9367861747741699e-01, 2.9132334391276042e-02,
       3.4912602106730145e-01, 6.9489091237386069e-01,
       2.5058385531107585e-01, 3.1710618734359743e-02,
       3.5170354843139651e-01, 7.1365394592285158e-01,
       2.6093120574951173e-01, 3.2749698559443159e-02,
       3.4432417551676431e-01, 7.4597091674804683e-01,
       2.9989442825317381e-01, 2.8637502590815225e-02,
       3.6338113149007162e-01, 7.4631245930989587e-01,
       2.8354543050130210e-01, 2.9717083772023520e-02,
       3.5712124506632487e-01, 7.8179187774658199e-01,
       3.0738741556803384e-01, 3.0265277624130248e-02,
       3.4647490183512369e-01, 8.0375067392985022e-01,
       3.1430848439534503e-01, 3.2951587438583375e-02,
       3.5478967030843100e-01, 8.0326805114746092e-01,
       2.8726078669230143e-01, 3.3951906363169353e-02,
       3.4307673772176106e-01, 8.5108426411946614e-01,
       3.2018915812174481e-01, 2.8870777289072672e-02,
       3.4577385584513348e-01, 8.6638889312744138e-01,
       3.2443955739339192e-01, 2.9680244127909341e-02,
       4.1344203948974612e-01, 8.5303408304850259e-01,
       2.9191439946492515e-01, 2.7286064624786378e-02,
       4.2266085942586262e-01, 8.6524130503336594e-01,
       3.1593987147013347e-01, 2.8877135117848715e-02,
       4.3137194315592448e-01, 8.5047995249430342e-01,
       3.0004126230875650e-01, 2.9039307435353597e-02,
       4.3706658681233723e-01, 8.4001846313476558e-01,
       3.0614366531372073e-01, 3.3122960726420084e-02,
       4.3844289779663087e-01, 8.4418767293294272e-01,
       3.1317059199015301e-01, 3.4152833620707194e-02,
       4.2977148691813150e-01, 8.3533191680908203e-01,
       3.3237972259521487e-01, 3.3887124061584471e-02,
       4.2701501846313478e-01, 8.0760326385498049e-01,
       2.9748945236206054e-01, 3.2361435890197757e-02,
       4.2590967814127606e-01, 8.0228583017985022e-01,
       2.8979590733846028e-01, 3.2051308949788408e-02,
       4.2254645029703775e-01, 7.6319014231363935e-01,
       2.7726929982503257e-01, 3.0919907490412395e-02,
       4.0831184387207031e-01, 7.6130599975585933e-01,
       2.5628256797790527e-01, 3.3688016732533771e-02,
       4.2911046346028647e-01, 6.9910920461018877e-01,
       2.0819818178812663e-01, 3.4362181027730303e-02,
       4.3370984395345052e-01, 6.8944517771402991e-01,
       2.0094033877054851e-01, 3.3736296494801837e-02,
       4.5308647155761717e-01, 6.7586186726888020e-01,
       2.1462912559509278e-01, 3.0298368136088053e-02,
       4.7800776163736980e-01, 6.8904215494791665e-01,
       2.2170732816060384e-01, 2.6186372836430868e-02,
