%YAML:1.0
data: !!opencv-matrix
   rows: 157
   cols: 4
   dt: f
   data: [ 7.5329087575276688e-01, 3.4078152974446613e-01,
       2.7166840235392253e-01, 3.6118634541829425e-02,
       7.1080481211344404e-01, 4.9892489115397137e-01,
       2.5850529670715333e-01, 3.1379628181457522e-02,
       7.1616840362548828e-01, 5.2373596827189128e-01,
       2.3418927192687988e-01, 3.5837713877360025e-02,
       6.9916903177897138e-01, 5.4106108347574866e-01,
       2.1217436790466310e-01, 2.8763200839360556e-02,
       6.7613976796468100e-01, 5.9520956675211589e-01,
       2.1713960965474446e-01, 2.5577720006306967e-02,
       6.4745648701985681e-01, 6.0624790191650391e-01,
       1.9648922284444173e-01, 2.8871204455693564e-02,
       6.2711970011393225e-01, 6.1130174001057946e-01,
       1.8672801653544108e-01, 3.3283938964207969e-02,
       6.0134989420572915e-01, 6.1358636220296225e-01,
       1.5408994356791178e-01, 3.7639105319976808e-02,
       5.8286418914794924e-01, 5.9289944966634112e-01,
       1.3613608678181965e-01, 3.6197054386138919e-02,
       5.8002262115478520e-01, 5.7555192311604819e-01,
       1.2680566310882568e-01, 3.3201948801676436e-02,
       5.6758963267008467e-01, 5.4803314208984377e-01,
       1.0466453234354654e-01, 3.1231387456258138e-02,
       5.6597843170166018e-01, 5.2234344482421879e-01,
       8.2286214828491216e-02, 3.5660580794016523e-02,
       5.7470709482828775e-01, 4.9673875172932941e-01,
       1.0138684113820394e-01, 2.7095961570739745e-02,
       5.7302335103352864e-01, 4.7701533635457355e-01,
       1.0546340147654215e-01, 2.8633044163386027e-02,
       5.6374378204345699e-01, 4.5404027303059896e-01,
       8.9099780718485511e-02, 3.3887994289398191e-02,
       5.6286678314208982e-01, 4.3602056503295900e-01,
       9.6291271845499668e-02, 3.3714767297108969e-02,
       5.6537659962972009e-01, 4.1837797164916990e-01,
       1.3496319452921549e-01, 2.9404940207799275e-02,
       5.6348832448323571e-01, 4.2052812576293946e-01,
       1.1985330581665039e-01, 3.5302682717641191e-02,
       5.6122309366861978e-01, 4.4212713241577151e-01,
       9.0746061007181800e-02, 3.8074048360188802e-02,
       5.6144898732503257e-01, 4.5650142033894858e-01,
       8.9784407615661616e-02, 3.5681009292602539e-02,
       5.5858993530273438e-01, 4.8405567804972333e-01,
       7.4053684870402023e-02, 2.9102025429407756e-02,
       5.6515725453694665e-01, 5.0703026453653977e-01,
       8.2084433237711585e-02, 3.1496099630991620e-02,
       5.8209463755289714e-01, 5.3655942281087243e-01,
       1.1028955777486166e-01, 2.4254465103149415e-02,
       5.7111097971598312e-01, 5.6170501708984377e-01,
       1.1222834587097168e-01, 2.6977330446243286e-02,
       5.6621443430582685e-01, 5.8707993825276694e-01,
       1.1847159067789713e-01, 2.5481200218200682e-02,
       5.4839216868082685e-01, 6.0826587677001953e-01,
       1.4834314982096355e-01, 2.6118580500284830e-02,
       5.3274456659952796e-01, 6.0995311737060542e-01,
       1.3524141311645507e-01, 2.7630305290222167e-02,
       5.1452900568644211e-01, 6.0083611806233728e-01,
       1.1211430231730143e-01, 2.8623567024866740e-02,
       4.9837366739908856e-01, 5.8742294311523435e-01,
       9.0904482205708820e-02, 3.5950446128845216e-02,
       4.9837366739908856e-01, 5.8742294311523435e-01,
       9.0904482205708820e-02, 3.5950446128845216e-02,
       4.8280537923177086e-01, 5.6944484710693355e-01,
       8.6002723375956214e-02, 3.6493798096974693e-02,
       4.8210198084513345e-01, 5.4980297088623042e-01,
       6.1144204934438069e-02, 3.5468860467274980e-02,
       4.8272110621134440e-01, 5.2535635630289712e-01,
       4.9333393573760986e-02, 3.3603207270304365e-02,
       4.7344563802083334e-01, 5.0576314926147459e-01,
       5.4469295342763263e-02, 2.5926983356475829e-02,
       4.7462695439656577e-01, 4.8370612462361656e-01,
       5.0386830170949297e-02, 3.0570232868194581e-02,
       4.7906014124552410e-01, 4.7538270950317385e-01,
       5.3780452410380049e-02, 3.3130077521006267e-02,
       4.8136568069458008e-01, 4.6303742726643882e-01,
       5.2313017845153811e-02, 3.6670080820719403e-02,
       4.6963446935017905e-01, 4.5942732493082683e-01,
       6.5920090675354009e-02, 3.0405416091283163e-02,
       4.5798778533935547e-01, 4.5399545033772787e-01,
       8.9140415191650391e-02, 2.8231861193974812e-02,
       4.5968834559122723e-01, 4.6312758127848308e-01,
       7.1907973289489752e-02, 2.7850341796875001e-02,
       4.7061535517374675e-01, 4.8192389806111652e-01,
       4.5598995685577390e-02, 3.7223474184672041e-02,
       4.9364398320515951e-01, 5.2475830713907878e-01,
       4.4415807723999022e-02, 3.9333180586496992e-02,
       4.8446973164876300e-01, 5.4282487233479815e-01,
       7.2784558931986487e-02, 3.7066086133321123e-02,
       4.6872927347819010e-01, 5.6824264526367185e-01,
       8.7692372004191083e-02, 3.7777296702067059e-02,
       4.5674730936686198e-01, 5.9268824259440100e-01,
       1.2645211219787597e-01, 3.1992771228154498e-02,
       4.3773431777954103e-01, 6.0497372945149741e-01,
       1.4451969464619954e-01, 2.9370484749476115e-02,
       4.1240183512369794e-01, 6.1313012440999348e-01,
       1.5911564826965333e-01, 3.0429297685623170e-02,
       3.9554799397786461e-01, 6.1545225779215496e-01,
       1.6696917215983073e-01, 2.7864629030227663e-02,
       3.8331413269042969e-01, 6.1759446461995438e-01,
       1.5765641530354818e-01, 2.8526238600413003e-02,
       3.6566416422526044e-01, 6.2576974232991533e-01,
       1.6533174514770507e-01, 3.5782182216644288e-02,
       3.5822871526082356e-01, 6.3978252410888670e-01,
       1.7676517168680828e-01, 3.5107866923014326e-02,
       3.4387292861938479e-01, 6.8373966217041016e-01,
       2.3171544075012207e-01, 3.5165413220723467e-02,
       3.5227944056193033e-01, 7.0148824055989578e-01,
       2.4632495244344074e-01, 2.9122151931126914e-02,
       3.4064229329427081e-01, 7.3824577331542973e-01,
       2.9920320510864257e-01, 2.9004504283269245e-02,
       3.6072298685709636e-01, 7.3540185292561844e-01,
       2.6693461736043295e-01, 3.0704547961552937e-02,
       3.5092900594075521e-01, 7.8448804219563806e-01,
       3.1177552541097003e-01, 3.1245815753936767e-02,
       3.4181467692057294e-01, 8.0118687947591150e-01,
       3.1255207061767576e-01, 2.9681032896041869e-02,
       3.4541667302449547e-01, 8.0722662607828777e-01,
       2.8308979670206708e-01, 3.3416652679443361e-02,
       3.4820248285929362e-01, 8.1965668996175134e-01,
       2.8341452280680340e-01, 3.4601338704427081e-02,
       3.4283641179402669e-01, 8.4772574106852217e-01,
       3.1365871429443359e-01, 3.0249677101771035e-02,
       3.4666779836018879e-01, 8.6500085194905596e-01,
       3.3134133021036782e-01, 2.7858398358027139e-02,
       4.0374221801757815e-01, 8.7752513885498051e-01,
       3.2431170145670574e-01, 2.5668710470199585e-02,
       4.1881659825642903e-01, 8.6232261657714848e-01,
       2.8302001953125000e-01, 2.8531219561894736e-02,
       4.3370704650878905e-01, 8.4581114451090500e-01,
       2.9629122416178383e-01, 3.3366306622823076e-02,
       4.4573287963867186e-01, 8.5227406819661455e-01,
       2.8945878346761067e-01, 3.5613552729288740e-02,
       4.5167757670084635e-01, 8.4667466481526688e-01,
       3.1828133265177411e-01, 3.0613901217778523e-02,
       4.5167757670084635e-01, 8.4667466481526688e-01,
       3.1828133265177411e-01, 3.0613901217778523e-02,
       4.5491317113240559e-01, 8.2461477915445969e-01,
       2.9026823043823241e-01, 3.0598284800847371e-02,
       4.7561893463134763e-01, 7.6128597259521480e-01,
       1.3760830561319987e-01, 3.1814485788345337e-02,
       4.8556769688924156e-01, 7.5690746307373047e-01,
       1.6242920557657878e-01, 2.9869027932484946e-02,
       4.9080915451049806e-01, 7.4540774027506507e-01,
       1.5383842786153157e-01, 3.2469834884007773e-02,
       4.9026664098103839e-01, 7.3694140116373696e-01,
       1.4313716888427735e-01, 3.4211190541585286e-02,
