%YAML:1.0
data: !!opencv-matrix
   rows: 460
   cols: 4
   dt: f
   data: [ 6.5965932210286460e-01, 4.4529507954915365e-01,
       8.1823817888895672e-02, 2.9230332374572753e-02,
       6.6484095255533859e-01, 4.5075556437174480e-01,
       9.3002621332804361e-02, 2.3903709650039674e-02,
       6.6016953786214194e-01, 4.5554955800374347e-01,
       8.8110868136088052e-02, 2.6150478919347128e-02,
       6.5853977203369141e-01, 4.5572303136189779e-01,
       1.0971469879150390e-01, 2.4461432298024496e-02,
       6.4600410461425783e-01, 4.6409161885579425e-01,
       1.0104598999023437e-01, 2.7401642004648844e-02,
       6.4530595143636071e-01, 4.6978632609049481e-01,
       9.6398297945658365e-02, 2.8492740790049233e-02,
       6.4331881205240882e-01, 4.7600126266479492e-01,
       1.0851419766743978e-01, 2.6775070031483970e-02,
       6.4474697113037105e-01, 4.8266979853312175e-01,
       1.0784631570180257e-01, 2.7489735682805379e-02,
       6.4485562642415362e-01, 4.8757486343383788e-01,
       1.1669765313466390e-01, 2.5313605864842732e-02,
       6.4493414560953777e-01, 4.9422222773234048e-01,
       1.0383505026499430e-01, 2.8385325272878011e-02,
       6.4429855346679688e-01, 5.0012381871541345e-01,
       1.1088803609212240e-01, 2.6425995429356895e-02,
       6.4509601593017574e-01, 5.0659653345743816e-01,
       1.0449186960856120e-01, 2.8882914781570436e-02,
       6.4428183237711589e-01, 5.1330833435058598e-01,
       1.0477157433827718e-01, 2.7774723370869954e-02,
       6.4637514750162761e-01, 5.1811138788859046e-01,
       1.0611039002736410e-01, 2.8086894750595094e-02,
       6.4514102935791018e-01, 5.2393681208292642e-01,
       1.0482973257700602e-01, 2.8463506698608400e-02,
       6.4201526641845708e-01, 5.3001508712768552e-01,
       1.0400361220041911e-01, 2.8535175323486327e-02,
       6.4109071095784509e-01, 5.3678563435872395e-01,
       1.0128858884175619e-01, 2.6854070027669270e-02,
       6.3972752888997397e-01, 5.4129816691080734e-01,
       1.0706891218821207e-01, 2.5263432661692301e-02,
       6.4011294047037759e-01, 5.4810835520426437e-01,
       1.0495538711547851e-01, 2.6015891631444295e-02,
       6.4247188568115232e-01, 5.5502440134684250e-01,
       1.0618890921274821e-01, 2.6535900433858235e-02,
       6.4196128845214839e-01, 5.6221669514973960e-01,
       1.1198571523030600e-01, 2.6224350929260253e-02,
       6.4358634948730464e-01, 5.6541601816813147e-01,
       1.0605676968892415e-01, 2.9857265949249267e-02,
       6.4347864786783859e-01, 5.7159112294514969e-01,
       1.1263456344604492e-01, 2.7858366568883259e-02,
       6.4216912587483721e-01, 5.7109807332356766e-01,
       1.1529035568237304e-01, 2.5889813899993896e-02,
       6.4059632619222007e-01, 5.7014223734537761e-01,
       1.1197046438852946e-01, 2.7572876214981078e-02,
       6.4221865336100259e-01, 5.7135257720947263e-01,
       1.1207550366719564e-01, 2.6730032761891682e-02,
       6.4149583180745440e-01, 5.7113119761149089e-01,
       1.1064399083455403e-01, 2.6728159189224242e-02,
       6.4167849222819007e-01, 5.7181091308593746e-01,
       1.0843791166941324e-01, 2.8039973974227906e-02,
       6.4103692372639975e-01, 5.7111663818359371e-01,
       1.0332345167795817e-01, 2.9170336325963338e-02,
       6.3853499094645183e-01, 5.7193349202473953e-01,
       1.0171701908111572e-01, 2.8123072783152261e-02,
       6.3335564931233723e-01, 5.7275466918945317e-01,
       9.9466737111409506e-02, 2.9470698038736979e-02,
       6.2871112823486330e-01, 5.7436180114746094e-01,
       8.9391255378723139e-02, 2.8537982702255250e-02,
       6.2579352060953775e-01, 5.7622604370117192e-01,
       8.8332494099934891e-02, 2.8414477904637653e-02,
       6.2858721415201824e-01, 5.7783158620198571e-01,
       9.0198183059692377e-02, 2.8154740730921429e-02,
       6.1815567016601558e-01, 5.7604319254557290e-01,
       8.7544679641723633e-02, 2.8919976949691773e-02,
       6.0656166076660156e-01, 5.7676099141438797e-01,
       7.3490611712137860e-02, 2.6838944355646769e-02,
       6.0472399393717446e-01, 5.7709630330403650e-01,
       8.0710728963216141e-02, 2.6093312104543052e-02,
       6.0306167602539062e-01, 5.7871754964192712e-01,
       7.4477974573771158e-02, 2.7121969064076743e-02,
       5.9473425547281900e-01, 5.7829481760660806e-01,
       7.6595632235209141e-02, 2.4820087353388469e-02,
       5.8944269816080730e-01, 5.8010285695393882e-01,
       7.5890143712361649e-02, 2.6148768266042073e-02,
       5.8382867177327469e-01, 5.7808113098144531e-01,
       6.9897055625915527e-02, 2.5757231314977012e-02,
       5.8203423817952471e-01, 5.7984555562337237e-01,
       6.8044940630594894e-02, 2.7908339103062948e-02,
       5.7638460795084634e-01, 5.8184846242268884e-01,
       6.6337116559346515e-02, 2.6156455278396606e-02,
       5.6956125895182297e-01, 5.8138376871744790e-01,
       6.2234230836232501e-02, 2.7337056398391724e-02,
       5.6095492045084638e-01, 5.8741289774576821e-01,
       5.9214643637339276e-02, 2.4587301413218181e-02,
       5.4635200500488279e-01, 5.8315963745117183e-01,
       6.7127935091654461e-02, 2.1196834246317544e-02,
       5.3509979248046879e-01, 5.8607406616210933e-01,
       6.6668001810709629e-02, 2.1835263570149741e-02,
       5.2806440989176429e-01, 5.8551139831542964e-01,
       6.3547237714131677e-02, 2.3258401950200399e-02,
       5.2203715642293291e-01, 5.8577264149983721e-01,
       6.6210659344991055e-02, 2.2512418031692506e-02,
       5.1629943847656246e-01, 5.8870162963867190e-01,
       6.5244921048482257e-02, 2.1902771790822347e-02,
       5.0523627599080401e-01, 5.8826103210449221e-01,
       6.9614807764689132e-02, 2.1465877691904705e-02,
       4.9790929158528646e-01, 5.8906262715657554e-01,
       6.8078056971232093e-02, 2.3583145936330159e-02,
       4.9183448155721027e-01, 5.8980350494384770e-01,
       6.9399182001749674e-02, 2.3887995878855386e-02,
       4.8543411890665689e-01, 5.9072170257568357e-01,
       6.6569312413533532e-02, 2.4901771545410158e-02,
       4.8045342763264975e-01, 5.9167544047037757e-01,
       7.0692777633666992e-02, 2.3597387472788493e-02,
       4.7413377761840819e-01, 5.9372971852620438e-01,
       6.9650403658548993e-02, 2.2555031379063926e-02,
       4.6831086476643879e-01, 5.9333534240722652e-01,
       6.9856095314025882e-02, 2.2806177536646526e-02,
       4.6362380981445311e-01, 5.9044761657714839e-01,
       7.2976334889729821e-02, 2.4657871325810751e-02,
       4.4874477386474609e-01, 5.9704418182373042e-01,
       7.6674699783325195e-02, 2.4902103344599406e-02,
       4.4588492711385092e-01, 5.9777971903483074e-01,
       7.5676163037617997e-02, 2.5660987695058188e-02,
       4.3333880106608075e-01, 6.1654319763183596e-01,
       6.8922996520996094e-02, 2.8082982699076334e-02,
       4.3324664433797200e-01, 6.1636110941569011e-01,
       7.2636175155639651e-02, 2.7672505378723143e-02,
       4.3380552927652993e-01, 6.1578445434570317e-01,
       6.7484863599141437e-02, 2.7321457862854004e-02,
       4.3895362218221029e-01, 6.0841935475667319e-01,
       8.2463995615641272e-02, 2.5513708591461182e-02,
       4.4003295898437500e-01, 6.0778287251790364e-01,
       8.2501610120137528e-02, 2.5143186251322430e-02,
       4.4078776041666667e-01, 6.0652866363525393e-01,
       8.0143292744954422e-02, 2.4081132809321084e-02,
       4.4151767094930011e-01, 6.0381317138671875e-01,
       7.3531015714009607e-02, 2.2319473822911582e-02,
       4.7002067565917971e-01, 6.0506865183512371e-01,
       6.8154255549112960e-02, 2.4483148256937662e-02,
       4.6997963587443031e-01, 6.0500157674153643e-01,
       6.7593661944071445e-02, 2.4164575338363647e-02,
       4.6819035212198895e-01, 6.1010742187500000e-01,
       7.9625773429870608e-02, 2.3349457979202272e-02,
       4.6889187494913737e-01, 6.0541718800862632e-01,
       6.8768318494160971e-02, 2.6745015382766725e-02,
       4.7068840662638345e-01, 6.0542335510253908e-01,
       7.0367701848347980e-02, 2.6925669113794962e-02,
