%YAML:1.0
data: !!opencv-matrix
   rows: 448
   cols: 4
   dt: d
   data: [ 6.8134333292643234e-01, 4.0666472117106117e-01,
       7.8397870063781738e-02, 2.9869620005289713e-02,
       6.7701066335042315e-01, 4.1748720804850259e-01,
       7.5511717796325678e-02, 2.8152018785476685e-02,
       6.7425778706868489e-01, 4.2680552800496419e-01,
       8.2309532165527347e-02, 3.0178848902384439e-02,
       6.8258730570475257e-01, 4.2547807693481443e-01,
       4.9443459510803221e-02, 2.7569405237833657e-02,
       6.6228148142496746e-01, 4.4272295633951825e-01,
       9.3648163477579746e-02, 2.9244309663772582e-02,
       6.5321235656738286e-01, 4.4851789474487302e-01,
       1.0527226130167643e-01, 2.9704912503560384e-02,
       6.5320447285970051e-01, 4.4980484644571939e-01,
       1.0653101603190104e-01, 2.9019272327423094e-02,
       6.5164826711018875e-01, 4.5618635813395181e-01,
       1.1080035368601480e-01, 2.6749364535013833e-02,
       6.5141175587972000e-01, 4.6180429458618166e-01,
       9.9212217330932620e-02, 2.9744436343510944e-02,
       6.4815673828124998e-01, 4.6675262451171873e-01,
       1.1043605009714762e-01, 2.7641642093658447e-02,
       6.4745426177978516e-01, 4.7078278859456379e-01,
       1.0890194574991861e-01, 2.7440929412841798e-02,
       6.4600105285644527e-01, 4.7827504475911459e-01,
       1.0509518782297771e-01, 2.6937250296274820e-02,
       6.4549210866292317e-01, 4.8311662673950195e-01,
       1.0856311321258545e-01, 2.6388629277547201e-02,
       6.4466044108072917e-01, 4.8931417465209959e-01,
       1.0225481192270915e-01, 2.9140567779541014e-02,
       6.4424114227294926e-01, 4.9385490417480471e-01,
       1.0853958924611409e-01, 2.5983657439549765e-02,
       6.4329821268717446e-01, 4.9712073008219398e-01,
       1.0840448538462320e-01, 2.7380009492238361e-02,
       6.4342231750488277e-01, 4.9686120351155599e-01,
       1.0823149681091308e-01, 2.6613682508468628e-02,
       6.4186363220214848e-01, 5.0072937011718754e-01,
       1.0901836554209392e-01, 2.7798328797022501e-02,
       6.4090627034505210e-01, 5.0724636713663740e-01,
       1.1349131266276041e-01, 2.6233180363972982e-02,
       6.4226856231689455e-01, 5.1262337366739907e-01,
       1.0342785517374674e-01, 2.7569333712259930e-02,
       6.4288482666015623e-01, 5.1775461832682290e-01,
       1.0617396831512452e-01, 2.6988230148951211e-02,
       6.3918431599934900e-01, 5.2413647969563804e-01,
       1.1053164800008138e-01, 2.6930336157480875e-02,
       6.1975822448730467e-01, 5.2832291920979813e-01,
       5.4060447216033938e-02, 2.7530789375305176e-02,
       6.2017993927001958e-01, 5.3372554779052739e-01,
       5.1634569962819420e-02, 2.8240986665089927e-02,
       6.1822884877522788e-01, 5.3894964853922522e-01,
       5.0754133860270181e-02, 2.7357633908589682e-02,
       6.1761678059895830e-01, 5.4333985646565752e-01,
       5.4640551408131920e-02, 2.6473782459894814e-02,
       6.3148110707600913e-01, 5.5514430999755859e-01,
       1.1149210929870605e-01, 2.4779472748438516e-02,
       6.3074277242024734e-01, 5.6083278656005864e-01,
       1.1425630251566569e-01, 2.5659424066543580e-02,
       6.3474801381429036e-01, 5.6834640502929690e-01,
       1.0445058345794678e-01, 2.7514356374740600e-02,
       6.3209819793701172e-01, 5.7243111928304036e-01,
       1.0428990523020426e-01, 2.7550347646077476e-02,
       6.3062470753987632e-01, 5.7423254648844402e-01,
       1.0519510110219320e-01, 2.5516553719838461e-02,
       6.3021583557128902e-01, 5.7348963419596355e-01,
       1.0675709247589112e-01, 2.4503540992736817e-02,
       6.2875677744547531e-01, 5.7284342447916670e-01,
       1.0335108439127604e-01, 2.3695540428161622e-02,
       6.2962048848470054e-01, 5.7426134745279944e-01,
       9.8526414235432944e-02, 2.6640272140502928e-02,
       6.2932860056559248e-01, 5.7472953796386717e-01,
       9.7329298655192062e-02, 2.7327911059061686e-02,
       6.3323618570963547e-01, 5.7829284667968750e-01,
       9.7225475311279300e-02, 2.6832924286524455e-02,
       6.3613878885904951e-01, 5.7935415903727217e-01,
       8.9019338289896652e-02, 2.6568404833475747e-02,
       6.3501656850179033e-01, 5.7745151519775395e-01,
       9.1782156626383463e-02, 2.8857088088989256e-02,
       6.3361829121907554e-01, 5.7995185852050779e-01,
       8.0261325836181646e-02, 2.8413160641988119e-02,
       6.2666594187418623e-01, 5.7884763081868484e-01,
       7.9629413286844891e-02, 2.7651313940684000e-02,
       6.1969604492187502e-01, 5.7897313435872400e-01,
       7.9267811775207517e-02, 2.8159987926483155e-02,
       6.1506779988606775e-01, 5.7888825734456384e-01,
       7.2949552536010737e-02, 2.7777212858200073e-02,
       6.1111679077148440e-01, 5.8029638926188154e-01,
       7.6124310493469238e-02, 2.7700207630793252e-02,
       6.0737991333007812e-01, 5.7914803822835281e-01,
       6.9186735153198245e-02, 2.7411580085754395e-02,
       6.0478363037109373e-01, 5.8088486989339194e-01,
       7.1257654825846353e-02, 2.6542355616887409e-02,
       4.8997141520182291e-01, 5.6994590759277342e-01,
       4.9746231238047285e-02, 2.6614479223887124e-02,
       4.8598979314168295e-01, 5.5342458089192703e-01,
       4.6283229192097979e-02, 2.7617535988489785e-02,
       4.8711071014404295e-01, 5.4591668446858721e-01,
       4.5536800225575762e-02, 2.6824829975763957e-02,
       4.8817040125528971e-01, 5.4032185872395833e-01,
       4.2702821890513103e-02, 2.9632186889648436e-02,
       4.8584515253702798e-01, 5.2189369201660152e-01,
       4.3886693318684895e-02, 3.0616472164789837e-02,
       4.8560625712076821e-01, 5.2746499379475908e-01,
       4.6326859792073564e-02, 3.0148835976918538e-02,
       4.8560625712076821e-01, 5.2746499379475908e-01,
       4.6326859792073564e-02, 3.0148835976918538e-02,
       4.8441111246744789e-01, 5.3389377593994136e-01,
       4.7677262624104814e-02, 3.0533808469772338e-02,
       4.8347565333048503e-01, 5.3931382497151692e-01,
       5.4071589310963945e-02, 2.8357090552647908e-02,
       4.8265339533487955e-01, 5.4715010325113933e-01,
       5.7979937394460043e-02, 2.8049163023630776e-02,
       4.8046083450317384e-01, 5.5818570454915362e-01,
       5.6553069750467935e-02, 2.9706768194834390e-02,
       4.7765172322591148e-01, 5.6351528167724607e-01,
       6.5636404355367023e-02, 2.6339266697565714e-02,
       4.7401612599690757e-01, 5.6522515614827473e-01,
       5.9862069288889569e-02, 2.8271581729253134e-02,
       3.8415218989054362e-01, 6.1824665069580076e-01,
       3.8887612024943036e-02, 3.0345996220906574e-02,
       3.8416919708251951e-01, 6.1838677724202473e-01,
       3.8061304887135820e-02, 3.2006953159968057e-02,
       3.8343509038289386e-01, 6.2842769622802730e-01,
       3.9793773492177324e-02, 3.1618420282999674e-02,
       3.8672993977864584e-01, 6.2872848510742185e-01,
       8.6203185717264805e-02, 2.9056519269943237e-02,
       3.8958028157552083e-01, 6.2833239237467453e-01,
       8.8816746075948083e-02, 2.9053775469462077e-02,
       3.9436432520548503e-01, 6.2577762603759768e-01,
       1.0684197743733724e-01, 2.8427386283874513e-02,
       3.9435148239135742e-01, 6.2627220153808594e-01,
       1.0554995536804199e-01, 2.8644102811813354e-02,
       3.9389740626017250e-01, 6.3202711741129558e-01,
       1.1734636624654134e-01, 2.7666091918945312e-02,
       3.9588721593221027e-01, 6.3580811818440752e-01,
       1.1472417513529459e-01, 2.8990199168523152e-02,
       3.9270804723103842e-01, 6.4311269124348958e-01,
       1.2263400554656982e-01, 2.9001961151758831e-02,
       3.9425465265909831e-01, 6.4548892974853511e-01,
       1.1317034562428792e-01, 2.9015996058781943e-02,
       3.9586121241251626e-01, 6.4835453033447266e-01,
       1.1585773626963297e-01, 2.8517631689707439e-02,
       4.0737167994181317e-01, 6.3377106984456377e-01,
       7.1126317977905279e-02, 2.5735016663869223e-02,
       4.0257768630981444e-01, 6.5124047597249346e-01,
       7.3807787895202634e-02, 2.3468903700510659e-02,
