%YAML:1.0
data: !!opencv-matrix
   rows: 544
   cols: 4
   dt: d
   data: [ 5.5477066040039058e-01, 1.2693043549855551e-01,
       1.0800280570983886e-01, 6.0215822855631512e-02,
       5.5304222106933598e-01, 1.2809844811757407e-01,
       1.1311227480570475e-01, 4.9161036809285484e-02,
       5.6213302612304683e-01, 1.5972638130187988e-01,
       1.0992831389109294e-01, 1.9902096192042033e-02,
       5.6102638244628911e-01, 1.6416667302449545e-01,
       1.1558815638224283e-01, 1.8005583683649698e-02,
       5.6181596120198563e-01, 1.6125636100769042e-01,
       9.4519535700480148e-02, 2.3513064781824747e-02,
       5.6100088755289712e-01, 1.6852846145629882e-01,
       1.1801114877065023e-01, 1.8261182308197021e-02,
       5.5900541941324866e-01, 1.7735133171081544e-01,
       1.3819197018941243e-01, 1.7572204271952312e-02,
       5.6328245798746746e-01, 1.6166733105977377e-01,
       9.1849096616109210e-02, 2.1576776107152303e-02,
       5.6262696584065752e-01, 1.7077107429504396e-01,
       9.6766686439514166e-02, 2.1372618277867635e-02,
       5.6259098052978518e-01, 1.7190752029418946e-01,
       8.2702557245890304e-02, 2.2032032410303753e-02,
       5.6248931884765629e-01, 1.7310258547465007e-01,
       7.4283782641092935e-02, 2.2066998481750488e-02,
       5.6210091908772786e-01, 1.7661930720011393e-01,
       6.5607360998789471e-02, 2.3031393686930340e-02,
       5.6183172861735031e-01, 1.7785271008809408e-01,
       6.0381126403808591e-02, 2.3925554752349854e-02,
       5.6142050425211587e-01, 1.8152569135030111e-01,
       5.9695168336232500e-02, 2.4876658121744791e-02,
       5.7479432423909504e-01, 1.3831688563028971e-01,
       6.2665526072184244e-02, 3.0084327856699625e-02,
       5.7454636891682942e-01, 1.4369823137919108e-01,
       6.4226468404134110e-02, 3.1013691425323488e-02,
       5.7368373870849609e-01, 1.4476869901021322e-01,
       6.0304252306620280e-02, 3.0802597602208454e-02,
       5.7283655802408850e-01, 1.4280063311258953e-01,
       6.4403835932413736e-02, 2.9678853352864583e-02,
       5.7060228983561201e-01, 1.4471931457519532e-01,
       6.0646867752075194e-02, 2.9228083292643228e-02,
       5.7005805969238277e-01, 1.4321142832438152e-01,
       6.6095618406931553e-02, 2.7150509754816692e-02,
       5.6842498779296879e-01, 1.4338917732238771e-01,
       5.6182006994883217e-02, 2.6879489421844482e-02,
       5.6935907999674484e-01, 1.4005082448323566e-01,
       6.3012850284576413e-02, 2.5812464952468871e-02,
       5.6906782786051435e-01, 1.3989292780558268e-01,
       5.4129922389984132e-02, 2.6803900798161823e-02,
       5.4315484364827471e-01, 1.3990745544433594e-01,
       5.3282125790913897e-02, 3.9705348014831540e-02,
       5.3542277018229167e-01, 1.3818817138671874e-01,
       5.7319120566050215e-02, 3.0261554320653281e-02,
       5.3504041035970051e-01, 1.4019289016723632e-01,
       5.8719503879547122e-02, 2.3241235812505086e-02,
       5.3057950337727866e-01, 1.4155426025390624e-01,
       5.6278236707051593e-02, 2.9148683945337931e-02,
       5.2382084528605144e-01, 1.4639916419982910e-01,
       5.8789042631785075e-02, 2.4018319447835286e-02,
       5.1805582046508791e-01, 1.4797244071960450e-01,
       5.4440251986185711e-02, 3.3066870768864949e-02,
       5.0989554723103836e-01, 1.5002492268880208e-01,
       6.0412367184956871e-02, 2.4794081846872967e-02,
       5.0400136311848953e-01, 1.5796295801798502e-01,
       6.5677785873413080e-02, 2.2967189550399780e-02,
       4.9676119486490883e-01, 1.5434981981913248e-01,
       5.9081959724426272e-02, 2.4051523208618163e-02,
       4.9122155507405602e-01, 1.5610384941101074e-01,
       5.2586905161539715e-02, 2.9440395037333169e-02,
       4.8396348953247070e-01, 1.5795111656188965e-01,
       5.0995437304178874e-02, 3.3368607362111412e-02,
       4.7057301203409829e-01, 1.6365946133931478e-01,
       5.0374134381612139e-02, 2.6135621468226115e-02,
       4.7490510940551756e-01, 2.5344087282816569e-01,
       8.8906073570251459e-02, 3.2218339045842488e-02,
       4.5197658538818358e-01, 1.7437604268391926e-01,
       7.7251625061035153e-02, 2.1398405234018963e-02,
       4.4508968989054359e-01, 1.7160682678222655e-01,
       6.5215313434600825e-02, 2.0758833487828574e-02,
       4.3976847330729169e-01, 1.7312649091084797e-01,
       6.5863283475240078e-02, 2.3274028301239015e-02,
       4.3529097239176434e-01, 1.7731464703877767e-01,
       6.4712985356648767e-02, 2.5008257230122885e-02,
       4.2717485427856444e-01, 1.7551849683125814e-01,
       6.5221826235453292e-02, 2.4473637342453003e-02,
       4.5023228327433268e-01, 2.6445361773173015e-01,
       9.0137815475463873e-02, 2.6479603846867879e-02,
       4.2590227127075198e-01, 1.7555878957112631e-01,
       5.8970272541046143e-02, 2.8071508804957072e-02,
       4.2565848032633463e-01, 1.7787849108378093e-01,
       6.5235586961110439e-02, 2.7660346031188963e-02,
       4.2555446624755860e-01, 1.7737895647684734e-01,
       7.2459745407104495e-02, 2.8985659281412762e-02,
       4.4495967229207356e-01, 2.4393585522969563e-01,
       7.4599186579386398e-02, 2.4258065223693847e-02,
       4.1975053151448566e-01, 1.7659870783487955e-01,
       6.6769027709960932e-02, 3.0683948596318563e-02,
       4.2153113683064780e-01, 1.9843549728393556e-01,
       1.7291005452473959e-01, 2.7852664391199749e-02,
       4.1973539988199871e-01, 2.0735705693562825e-01,
       1.5139010747273762e-01, 2.9118074973424276e-02,
       4.1988725662231446e-01, 2.1690794626871746e-01,
       1.7515171368916829e-01, 2.7778929471969603e-02,
       4.2070134480794269e-01, 2.1623636881510416e-01,
       1.7123058636983235e-01, 2.8622724612553916e-02,
       4.1971960067749026e-01, 2.1112027168273925e-01,
       1.7814321517944337e-01, 2.8897448380788168e-02,
       4.1865949630737304e-01, 2.0926704406738281e-01,
       1.7554915746053060e-01, 2.8752259413401284e-02,
       4.1698916753133136e-01, 2.0305678049723308e-01,
       1.7136861483256022e-01, 3.1439195076624550e-02,
       4.1358375549316406e-01, 1.9354406992594400e-01,
       1.9043548901875815e-01, 3.0161094665527344e-02,
       4.1540966033935545e-01, 2.0125832557678222e-01,
       1.7007211049397786e-01, 3.0656496683756512e-02,
       4.1474679311116536e-01, 1.9790868759155272e-01,
       1.7478906313578288e-01, 3.0675383408864339e-02,
       4.1258430480957031e-01, 1.9184115727742512e-01,
       1.8384207089742025e-01, 3.1456222136815391e-02,
       4.1268828709920247e-01, 1.9115206400553386e-01,
       1.7598055203755697e-01, 3.1153821945190431e-02,
       4.1285629272460939e-01, 1.9094227155049642e-01,
       1.8776205380757649e-01, 3.0535254875818887e-02,
       4.1277233759562176e-01, 1.8131267229715983e-01,
       1.9683229128519694e-01, 3.0261019865671795e-02,
       4.1395686467488607e-01, 1.7703989346822102e-01,
       2.0039606094360352e-01, 3.0754103263219198e-02,
       4.1425628662109376e-01, 1.7562081019083658e-01,
       2.0118540128072102e-01, 2.9122833410898843e-02,
       4.1521209081013999e-01, 1.7363837560017903e-01,
       2.1148214340209961e-01, 2.8826802968978882e-02,
       4.1500676472981773e-01, 1.6531208356221516e-01,
       2.2093338966369630e-01, 2.9615555206934610e-02,
       4.1572335561116536e-01, 1.6359373728434246e-01,
       2.2457518577575683e-01, 2.9458332061767577e-02,
       4.1339009602864585e-01, 1.4345728556315104e-01,
       2.4695909818013509e-01, 3.0359905958175660e-02,
       4.1646080017089843e-01, 1.3804688453674316e-01,
       2.3809223175048827e-01, 3.0278555552164712e-02,
       4.1463270187377932e-01, 1.1861513455708822e-01,
       2.3259148597717286e-01, 3.5138583183288573e-02,
       4.1260677973429360e-01, 1.1833660602569580e-01,
       2.2730251948038738e-01, 3.9457345008850099e-02,
       4.1453561782836912e-01, 1.2116313775380452e-01,
       2.3890986442565917e-01, 3.3500810464223228e-02,
       4.1459773381551107e-01, 1.2218012015024821e-01,
       2.3190984725952149e-01, 3.4036588668823239e-02,
