image: isr6-v03cr.pgm
resolution: 0.050000
origin: [-17.800000, -29.000000, 0.000000]
negate: 0
occupied_thresh: 0.65
free_thresh: 0.196

