%YAML:1.0
ss: [-6.628512e+02, 0.000000e+00, 6.530439e-04, -4.161121e-07, 4.899632e-10]
invpol: [967.018817, 517.713335, -37.604391, 87.988107, 33.052696, -4.148389, 37.773745, 0.523661, -38.027312, 0.125709, 26.545687, 14.242786, 2.300783]
center_row: 971.370188
center_column: 973.950937
c: 1.000420
d: -0.000069
e: -0.000092
height: 1920
width: 1920
