%YAML:1.0
ss: [-6.582193e+002, 0.000000e+000, 6.722338e-004, -3.761307e-007, 4.198823e-010]
invpol: [968.463062, 547.345575, -19.382658, 79.547006, 41.856372, -7.158744, 21.230468, 24.024015, -6.519165, -11.430424, -2.752858]
center_row: 958.990720
center_column: 958.976896
c: 0.999836
d: -0.000030
e: 0.000011
height: 1920
width: 1920