%YAML:1.0
ss: [-6.666461e+02, 0.000000e+00, 6.227373e-04, -2.816218e-07, 3.638966e-10]
invpol: [978.861760, 551.515143, -12.569687, 83.783787, 38.564058, -1.863301, 25.302495, 19.384502, -9.759780, -11.238156, -2.456380]
center_row: 967.026852
center_column: 951.945591
c: 1.000312
d: -0.000071
e: 0.000112
height: 1920
width: 1920