%YAML:1.0
# surfaces: [0, 0, 405, 1193, 394, 614, 173, 216, 0, 1218, 1920, 702, 0, 0, 1920, 175]
tv: [560, 1390, 144, 212]
surfaces: [0, 0, 1920, 600,  0, 600, 660, 535,  0, 1135, 1920, 785,  1150, 600, 770, 535]