%YAML:1.0
R: !!opencv-matrix
   rows: 2
   cols: 2
   dt: d
   data: [-0.393919298579168, -0.919145030018058, 0.919145030018058, -0.393919298579168]
T: !!opencv-matrix
   rows: 2
   cols: 1
   dt: d
   data: [1.237935499948080, -0.651149059524242]