%YAML:1.0
# surfaces: [0, 0, 1920, 823, 330, 1078, 423, 305, 0, 1078, 330, 555, 0, 611, 513, 467]
tv: [560, 1390, 144, 212]
surfaces: [0, 0, 1920, 900,  0, 1200, 1920, 720,  0, 900, 350, 300,  1300, 900, 720, 300]
# surfaces: [0, 0, 1920, 900,  0, 1200, 1920, 720]
sitting: []