%YAML:1.0
# surfaces: [0, 0, 1920, 823, 330, 1078, 423, 305, 0, 1078, 330, 555, 0, 611, 513, 467]
tv: [560, 1390, 144, 212]
surfaces: [0, 0, 1920, 823,  0, 823, 760, 1100,   1460, 820, 460, 1100,   760, 1510, 700, 410,   1100, 1125, 360, 385]
sitting: [880, 1515, 100, 155,  900, 1375, 75, 125,  915, 1195, 80, 140]