%YAML:1.0
access_points: [-4.39951, 5.72636, -1.45654, 2.02203,  2.19778, 5.7058, 1.7307, 0.3016,  6.1733, 5.72636, 1.6279, 1.3434]